      0/50    0.554G   0.07392   0.02444   0.01658    0.1149       205       640       0.8    0.4083    0.4121    0.1597   0.08946    0.0396   0.01701
      1/50     2.64G   0.05753   0.02083  0.005316   0.08368       214       640    0.7576    0.4806    0.4664    0.1678   0.08562   0.03501   0.01464
      2/50     2.85G   0.04847   0.01941  0.003823   0.07171       182       640    0.6888    0.6996    0.6709    0.3348   0.07455   0.03426   0.01212
      3/50     2.85G   0.04037   0.01793  0.002846   0.06114       174       640     0.949    0.7559    0.8504    0.5528   0.06368   0.03128  0.009783
      4/50     2.85G   0.03828   0.01738  0.002301   0.05796       189       640    0.9377    0.8016    0.8645    0.5549   0.06223   0.03171  0.009686
      5/50     2.85G   0.03237   0.01649  0.001553   0.05042       266       640    0.9551    0.7853    0.8751    0.5918   0.05891    0.0316  0.008646
      6/50     2.85G   0.03092   0.01574  0.001199   0.04786       281       640     0.972    0.8345     0.899    0.5942   0.05823   0.03137  0.008127
      7/50     2.85G   0.02938   0.01566  0.001025   0.04607       224       640    0.9774    0.8724    0.9052    0.6217   0.05384   0.03262  0.007769
      8/50     2.85G   0.02744   0.01501 0.0008531    0.0433       161       640    0.9426    0.8812    0.9165    0.6531   0.05149   0.03107  0.007717
      9/50     2.85G   0.02561   0.01448 0.0006823   0.04077       191       640    0.9585    0.8803     0.919    0.6488   0.04988   0.03219  0.007386
     10/50     2.85G   0.02462   0.01415  0.000646   0.03941       223       640    0.9829    0.8609    0.9305    0.6721    0.0461   0.03277  0.007074
     11/50     2.85G   0.02416   0.01423 0.0005687   0.03896       216       640    0.9601     0.899    0.9306    0.6513   0.04238   0.03395  0.006485
     12/50     2.85G   0.02317   0.01397 0.0005686    0.0377       198       640    0.9689    0.9068     0.934    0.6828   0.04136   0.03315   0.00619
     13/50     2.85G   0.02244   0.01395 0.0004913   0.03688       219       640    0.9776    0.9005    0.9268    0.7038   0.03957   0.03316  0.006049
     14/50     2.85G   0.02179   0.01354 0.0004761    0.0358       153       640    0.9686    0.9242    0.9466    0.7058   0.03758    0.0343  0.005685
     15/50     2.85G   0.02131   0.01359 0.0005098    0.0354       199       640    0.9733    0.9143    0.9456    0.6992   0.03539   0.03521   0.00517
     16/50     2.85G   0.02132   0.01378 0.0005194   0.03561       203       640    0.9762    0.9249    0.9504    0.7065   0.03305   0.03569  0.004409
     17/50     2.85G   0.02068   0.01358 0.0004616   0.03472       246       640    0.9654    0.9203    0.9492    0.7132   0.03168   0.03513  0.003767
     18/50     2.85G   0.02033   0.01342 0.0004358   0.03418       220       640    0.9799    0.9081    0.9488    0.7215   0.03057   0.03611  0.003646
     19/50     2.85G   0.01996   0.01323 0.0003968   0.03359       219       640    0.9708    0.9097    0.9367     0.711   0.02987   0.03516  0.003378
     20/50     2.85G   0.01958   0.01295 0.0004175   0.03295       197       640    0.9679    0.9192    0.9482     0.717   0.02916   0.03437  0.003317
     21/50     2.85G   0.01901   0.01301 0.0003844    0.0324       206       640    0.9686    0.9286    0.9497    0.7301   0.02846   0.03573  0.003184
     22/50     2.85G   0.01904   0.01291 0.0003676   0.03232       222       640    0.9696    0.9342    0.9493    0.7219    0.0281   0.03553  0.003261
     23/50     2.85G   0.01851   0.01274 0.0003448    0.0316       226       640    0.9841    0.9251    0.9518     0.733    0.0279   0.03544  0.003193
     24/50     2.85G   0.01854   0.01263 0.0003676   0.03154       220       640    0.9805    0.9307    0.9537    0.7273   0.02774   0.03669  0.003058
     25/50     2.85G   0.01827   0.01265 0.0003431   0.03126       252       640    0.9805    0.9266    0.9543    0.7318   0.02692   0.03737  0.003174
     26/50     2.85G   0.01792   0.01242  0.000357   0.03069       227       640    0.9825    0.9225    0.9513    0.7388   0.02666   0.03721  0.003233
     27/50     2.85G   0.01752   0.01222 0.0003137   0.03005       150       640    0.9889    0.8991    0.9463    0.7308   0.02637   0.03733  0.003051
     28/50     2.85G   0.01749   0.01229 0.0002869   0.03007       199       640    0.9746    0.9241    0.9498    0.7339   0.02656   0.03803  0.003026
     29/50     2.85G   0.01738   0.01222 0.0003079   0.02992       200       640    0.9763    0.9169    0.9426    0.7323   0.02607   0.03748  0.002999
     30/50     2.85G   0.01706   0.01194  0.000327   0.02933       283       640    0.9836    0.9269    0.9517    0.7336    0.0259    0.0379   0.00312
     31/50     2.85G   0.01694   0.01221  0.000331   0.02948       210       640    0.9843    0.9272    0.9544    0.7382   0.02572   0.03743  0.002998
     32/50     2.85G   0.01686   0.01218 0.0002988   0.02933       232       640    0.9857    0.9317     0.958    0.7467   0.02532   0.03773  0.002991
     33/50     2.85G   0.01675   0.01182  0.000286   0.02886       206       640    0.9811    0.9289    0.9537     0.744   0.02531   0.03801  0.003041
     34/50     2.85G   0.01661   0.01197 0.0002614   0.02885       216       640     0.975    0.9211    0.9498    0.7429   0.02554   0.03788  0.003021
     35/50     2.85G   0.01651   0.01186 0.0002548   0.02863       216       640    0.9681    0.9434    0.9551    0.7468   0.02491   0.03867  0.003027
     36/50     2.85G   0.01641   0.01181 0.0002759   0.02849       202       640    0.9658    0.9366    0.9507    0.7459   0.02498    0.0383   0.00306
     37/50     2.85G   0.01631   0.01178 0.0002981   0.02839       240       640    0.9795    0.9284    0.9566     0.751   0.02478   0.03835  0.003073
     38/50     2.85G   0.01606   0.01169 0.0002739   0.02803       241       640    0.9793    0.9254    0.9551    0.7522   0.02449   0.03839  0.003053
     39/50     2.85G   0.01617   0.01135 0.0003123   0.02784       191       640    0.9764    0.9331    0.9581    0.7497   0.02448   0.03792  0.003099
     40/50     2.85G   0.01599   0.01157 0.0002886   0.02785       198       640    0.9726    0.9398    0.9586    0.7534   0.02432   0.03743  0.002986
     41/50     2.85G   0.01592   0.01158 0.0002727   0.02777       216       640    0.9838    0.9297    0.9559    0.7541   0.02419    0.0384  0.003035
     42/50     2.85G   0.01596   0.01156 0.0002858    0.0278       209       640    0.9706    0.9355    0.9568    0.7512   0.02429   0.03904  0.002988
     43/50     2.85G   0.01578   0.01139 0.0002499   0.02743       233       640    0.9781    0.9364    0.9558     0.758   0.02401    0.0392  0.002993
     44/50     2.85G   0.01587   0.01138 0.0002671   0.02751       247       640    0.9744    0.9315    0.9534    0.7537   0.02406   0.03855  0.003037
     45/50     2.85G   0.01581   0.01146 0.0002638   0.02753       265       640    0.9698    0.9396    0.9565    0.7552   0.02408   0.03889  0.002997
     46/50     2.85G   0.01566   0.01133 0.0002513   0.02724       186       640    0.9784    0.9296    0.9559    0.7564    0.0239   0.03918  0.003056
     47/50     2.85G   0.01574   0.01126 0.0002454   0.02724       188       640    0.9768    0.9327     0.956    0.7547   0.02392   0.03964  0.003022
     48/50     2.85G   0.01565   0.01134 0.0002855   0.02728       219       640     0.968    0.9408    0.9564    0.7559   0.02387   0.03954  0.003033
     49/50     2.85G   0.01557   0.01143 0.0002751   0.02727       220       640    0.9618    0.9431    0.9564     0.754   0.02393   0.03942  0.003047
     50/50     2.85G   0.01561   0.01148 0.0002808   0.02737       230       640     0.968    0.9375    0.9535    0.7549   0.02398   0.03936  0.003054
